项目,计提方法
组合1（账龄组合）,预计存续期
